010010010000000000000000000000000000000000000000000000
000010010000011000100000100000000000000000000000000000
000110111100000000010000110110000000000000000000000000
000110111100000000010000110110000000000000000000000000
011010100000000000000000000000000000000000000000000000
000010010000011000100000100000100000000000000000000000
000110111100000000010000110110000010000000000000000000
000110111100000000010000110110000010000000000000000000
000100100100000000100000000001100000000000000000000001
000010010000011000100000100001000000000000000000000000
000101010000000000100000000000000000001000000001111000
000101010000000000100000000000000000001000000001111000
000010010000000100000100110000000000000000000000000000
000010010000011000001000100000000000000000000000000000
000010010000010000010000001010000010000000000000000000
000011100100000000010000000000000000000000000000000000
001010000000000000000000000000011100000000000000000000
001010001000000000000000000000011000000000000000000000
011100001100000110000000000000000000100000000000000000
000100001100000110000000000000000000000000000000000000
000010010000010110000101110000000000000000000000000000
000010010000010110000101001100000010000000000000000000
000010010000000100000100001000000010000000000000000000
000011000100010000100000000001100000000000000110000011
001011000010000000000000000000010000000000000000000000
001011001000000000000000000000011100000000000000000000
000100010000010000100000000001100000010000001110000011
000100101100000000000000000000000000000001000000000000
001011100010010010000001000000010100000000000000000000
001011101010000000000000000000010000000000000000000000
000010010000000101000010000000000100000000000000000000
100000000000000000000000000000000001000000000000000000
100000000000100000000000000000000000000000000000000000
001100001010000000000000000000010100000000000000000000
000010010000000001000000000000000100000100000000000000
000100000001000001000000000000000100000000000000000000
001100100010000000000000000000010000000000000000000000
001100101010000000000000000000010000000000000000000000
000010111000000101000010000000000100000000000000000000
000010010000000101000010000000000100000000000000000000
000000000000000000000000000000000000000000000000000000
000101010000000000100000000000000000001000000000011000
000101011010000000000000000000000100000010100000000100
000101100000010000100000000001100000010000001000000011
000101101100010000100000000001100000000000000100000011
001101101000000000000000000000011100000000000000000000
010011111000000000000000000000000000100000000000000000
000110011100010000100000000001100000000000000100000011
001110000010000000000000000000010000000000000000000000
000010001010000000100000000001100000000000000000000000
000010010000011001000000000000000000000000000000000000
000011001010000010000000000000000100000000010000000000
001110100010000000000000000000010100000000000000000000
000010000010000000100000000001100100000000000000000000
000010010000011001000000000000000100000000000000000000
001101110000000000000000000000000000100000000000000000
000000000000000000000000000000000000000000000000000000
000000000000000000000000000000000000000000000000000000
000000000000000000000000000000000000000000000000000000
000000000000000000000000000000000000000000000000000000
000000000000000000000000000000000000000000000000000000
000000000000000000000000000000000000000000000000000000
000101010000000000100000000000000000001000000000111000
000101010000000000100000000000000000001000000001011000
