01001001000000000000000000000000000000000000000000000000000000
00001001000001100010000010000000000000000000000000000000000000
00011110010000000001000011011000000000000010000000000000000000
00011110010000000001000011011000000000000010000000000000000000
01101010000000000000000000000000000000000000000000000000000000
00001001000001100010000010000010000000000000000000000000000000
00011110010000000001000011011000001000000010000000000000000000
00011110010000000001000011011000001000000010000000000000000000
00010010010000000010000000000110000000000000000000000000000100
00001001000001100010000010000100000000000000000000000000000000
00010101000000000010000000000000000000010000000000001001100000
00010101000000000010000000000000000000010000000000001001100000
00001001000000010000010011000000000000000000000000000000000000
00001001000001100000100010000000000000000000000000000000000000
00001001000001000001000000101000001000000000000000000000000000
00001110010000000001000000000000000000000000000000000000000000
00101000000000000000000000000001110000000000000000000000000000
00101000100000000000000000000001100000000000000000000000000000
01101011110000011000000000000000000001000010000000000000000011
01101011110000011000000000000000000001000010000000000000000011
00001001000001011000010111000000000000000000000000000000000000
00001001000001011000010100110000001000000000000000000000000000
00001001000000010000010000100000001000000000000000000000000000
00011100010000000000000000000000000000000000001000000000000000
00101100001000000000000000000001000000000000000000000000000000
00101100100000000000000000000001110000000000000000000000000000
00010001000001000010000000000110000000100000000001110000001100
00010010110000000000000000000000000000000000100000000000000000
00101110001001001000000100000001010000000000000000000000000000
00000000000000000000000000000000000000000000000000000000000000
00001001000000010100001000000000010000000000000000000000000000
00010101000000000010000000000000000000010000000000000001100000
10000000000010000000000000000000000000000000000000000000000000
00110000101000000000000000000001010000000000000000000000000000
00001001000000000100000000000000010000001000000000000000000000
00010000000100000100000000000000010000000000000000000000000001
00110010001000000000000000000001000000000000000000000000000000
00110010101000000000000000000001000000000000000000000000000000
00010100000000010100001000000000010000000000000000000000000000
00001001000000010100001000000000010000000000000000000000000000
00001100010001000010000000000110000000000000000000110000001100
10000000000000000000000000000000000010000000000000000000000000
00010101101000000000000000000000010000000100010000000000010000
00010110000001000010000000000110000000100000000001000000001100
00010110110001000010000000000110000000000000000000100000001100
00110110100000000000000000000001110000000000000000000000000000
00010101000000000010000000000000000000010000000000000011100000
00011001110001000010000000000110000000000000000000100000001100
00111000001000000000000000000001000000000000000000000000000000
00001000101000000010000000000110000000000000000000000000000000
00001001000001100100000000000000000000000000000000000000000000
00001100101000001000000000000000010000000000000010000000000000
00111010001000000000000000000001010000000000000000000000000000
00001000001000000010000000000110010000000000000000000000000000
00001001000001100100000000000000010000000000000000000000000000
00010101000000000010000000000000000000010000000000000101100000
00111100001000000000000000000001000000000000000000000000000000
00111100100000000000000000000001110000000000000000000000000000
10000000000000000000000000000000000100000000000000000000000000
00010100110000000000000000000000000000000000000100000000000000
01001011100000000000000000000000000001000000000000000000000000
00010101000000000010000000000000000000010000000000000111100000
00011100100000000010000000000000000000010001000000000011100000
00110111000000000000000000000000000001000000000000000000000000
